12
121
73
26
211
240
19
9
119
102
152
62
207
240
75
69
87
81
72
10
67
133
135
219
206
39
203
236
221
194
86
230
153
104
157
199
176
32
165
239
225
129
223
46
198
201
15
100
194
161
75
158
104
83
28
77
151
20
23
153
139
100
213
32
172
237
143
40
122
81
8
228
183
245
203
7
92
205
116
206
116
79
202
143
122
151
136
165
211
53
150
74
150
169
55
187
161
164
88
240
158
40
184
229
175
150
110
62
246
251
166
23
124
188
215
33
62
242
40
112
166
89
133
57
234
237
110
2
80
2
106
93
111
250
157
87
67
141
148
178
166
25
67
233
235
231
11
62
47
169
96
110
174
47
117
47
41
40
197
194
200
247
198
185
124
202
222
34
178
23
254
4
87
193
56
36
0
37
83
70
185
73
220
128
173
115
57
39
117
39
146
15
95
215
210
127
152
240
255
33
31
25
147
50
100
185
195
54
38
223
232
157
104
4
219
232
182
10
85
174
66
50
225
168
148
97
77
194
28
132
182
239
3
173
182
55
91
206
253
239
129
12
66
157
104
194
1
206
20
183
151
66
207
76
94
187
107
19
90
135
143
255
167
5
104
236
16
33
225
99
14
238
172
188
54
157
117
191
7
211
23
154
91
168
101
194
229
83
140
248
73
28
233
216
219
52
139
93
113
50
249
132
227
162
16
156
34
173
235
124
22
26
8
126
153
189
164
35
205
140
121
38
51
184
86
62
123
41
16
74
19
8
243
201
228
32
77
70
174
51
151
58
67
186
28
43
3
222
137
9
183
218
255
231
56
106
37
93
136
242
252
168
103
53
162
221
189
3
85
241
178
104
242
64
24
92
63
121
0
185
68
225
66
151
134
172
115
37
92
101
179
147
209
115
135
44
87
100
249
205
148
206
111
161
208
242
15
85
171
126
250
254
112
168
195
175
12
118
131
15
191
90
229
207
88
223
152
59
127
30
185
46
96
241
67
178
84
118
12
128
102
169
250
253
183
4
184
41
111
136
81
206
89
200
220
143
229
112
20
230
38
72
148
121
66
70
192
136
77
129
147
30
123
99
120
23
244
78
72
11
187
64
220
38
193
162
149
58
28
6
149
221
57
63
121
125
229
106
255
198
218
187
145
175
147
224
195
106
33
242
176
210
102
43
77
234
139
116
108
54
141
5
61
99
108
195
240
99
14
30
33
207
103
201
44
83
114
161
85
213
134
225
241
85
93
131
195
176
68
50
80
163
135
225
43
182
82
39
238
187
247
24
100
82
117
5
230
142
57
237
75
175
63
34
171
252
29
204
96
53
7
70
191
182
209
174
98
161
105
129
43
119
137
191
173
246
195
178
120
64
126
227
229
54
209
8
55
75
95
50
201
81
194
85
66
235
45
238
176
194
145
39
27
160
222
24
192
9
40
198
39
250
177
35
92
7
51
100
49
232
206
29
96
62
177
63
154
146
213
3
37
176
45
63
22
105
48
169
206
121
225
157
192
181
147
1
245
147
54
47
193
46
66
142
0
240
150
242
76
48
88
18
175
119
91
79
92
7
0
69
169
223
144
92
214
235
209
185
110
58
105
175
96
241
232
184
141
98
131
183
180
7
16
52
155
76
103
28
23
42
249
159
152
112
92
166
208
11
82
200
163
41
240
207
245
178
236
75
75
215
213
39
189
213
62
85
203
232
87
229
157
72
197
83
174
32
117
214
104
29
177
13
67
143
177
127
209
173
217
116
33
182
84
223
86
16
48
40
99
32
211
46
213
128
168
105
83
65
87
25
243
32
58
254
159
5
221
165
87
144
252
57
14
238
205
110
129
143
106
213
25
48
9
205
102
57
218
50
35
159
160
194
232
117
180
15
211
249
108
45
120
137
152
35
197
94
221
35
228
172
160
104
100
85
127
107
110
53
143
50
2
85
110
17
197
172
177
112
144
31
46
38
101
236
224
106
91
2
24
13
0
85
197
202
220
67
176
41
68
154
253
145
56
76
166
169
254
126
207
1
159
142
73
54
237
107
240
151
216
98
31
48
108
166
81
224
186
12
246
149
32
80
1
55
152
255
32
53
90
230
175
15
129
202
55
93
188
141
242
133
37
115
119
47
231
228
71
119
40
109
177
193
80
139
240
87
65
244
47
117
67
106
139
118
4
63
232
175
175
76
36
241
240
46
30
162
215
11
69
250
89
79
40
203
220
151
127
33
249
82
49
168
87
108
73
109
63
62
78
119
220
226
248
227
119
153
181
154
58
97
192
151
157
143
251
209
50
226
197
132
253
24
146
119
24
42
118
117
221
128
98
242
9
141
160
183
60
109
181
240
176
7
83
115
241
176
18
138
255
109
128
194
212
117
68
66
143
59
56
185
197
255
168
29
212
17
6
174
123
33
72
193
61
225
147
23
220
20
93
205
0
203
15
1
64
61
205
231
109
58
235
153
0
65
182
51
182
201
133
96
210
164
224
86
162
240
48
175
249
136
84
168
165
130
230
149
84
143
187
200
15
100
223
208
190
18
19
27
163
11
200
142
228
119
108
67
0
211
99
130
175
46
121
20
224
181
6
128
194
52
162
36
193
23
53
89
0
202
185
10
182
144
20
253
60
39
250
79
71
0
70
166
2
199
237
187
52
158
10
114
181
36
15
132
49
18
114
39
213
115
162
186
214
93
146
237
119
94
82
22
169
62
238
213
7
52
98
81
55
115
37
86
244
117
150
245
104
163
245
221
116
215
61
27
240
189
109
45
173
153
114
139
54
25
245
252
135
49
224
112
66
144
25
219
40
37
54
4
33
97
221
57
106
77
19
30
7
143
15
80
137
28
31
124
60
88
9
101
213
182
171
218
140
156
78
35
209
200
0
178
121
171
147
246
62
224
181
232
5
18
28
142
180
74
23
93
237
238
45
128
181
91
235
89
253
42
223
21
231
9
45
59
88
178
123
114
93
55
154
230
44
187
131
42
47
130
180
132
253
190
223
31
169
77
213
104
96
87
31
176
176
154
203
195
214
118
41
230
48
138
136
254
243
169
7
152
173
74
128
120
201
111
31
192
184
238
79
164
143
249
178
126
5
55
102
208
138
218
244
205
154
102
61
196
183
192
16
220
3
106
170
185
73
209
147
45
239
125
228
19
106
142
191
46
41
52
94
84
70
224
162
151
37
167
228
213
206
146
72
175
208
235
59
187
165
154
205
234
229
191
10
219
7
32
49
80
97
231
55
200
163
140
203
166
162
173
218
54
114
193
238
93
79
44
21
33
255
134
200
101
73
73
107
139
184
154
164
30
89
241
200
238
67
27
48
2
162
169
105
153
50
200
85
68
235
229
60
101
12
156
89
155
145
229
124
202
114
156
52
106
139
43
84
211
179
171
119
216
216
125
61
239
12
172
235
13
102
179
155
107
141
216
212
78
246
59
79
241
152
68
150
136
226
248
124
186
233
72
145
132
254
30
113
88
120
190
229
228
31
186
1
154
233
193
159
158
250
145
186
116
220
87
47
112
46
142
154
170
236
137
77
67
202
192
251
169
234
148
229
146
166
221
179
60
65
239
129
73
45
255
60
150
158
156
225
193
228
160
233
213
205
158
82
72
148
6
11
118
229
136
195
227
74
115
128
157
175
49
137
212
172
139
236
80
187
177
201
165
235
219
140
160
1
220
90
156
116
88
22
48
118
191
73
153
186
174
108
88
204
33
187
193
191
27
75
25
85
120
108
58
75
210
217
176
29
134
178
170
241
139
247
94
179
224
39
97
37
113
159
92
155
198
91
37
69
240
239
69
113
110
217
97
118
126
179
131
147
12
69
38
10
133
15
16
81
207
114
141
224
47
54
20
66
76
213
104
218
162
57
64
152
28
4
18
141
227
62
3
217
110
183
111
100
223
68
109
14
19
233
64
187
92
7
114
198
138
8
74
34
19
219
34
23
249
151
211
240
6
23
212
248
234
36
17
164
37
205
135
106
44
130
189
119
24
152
178
43
172
107
250
128
42
53
215
36
97
124
92
172
192
106
11
14
103
44
99
40
4
163
69
221
63
243
239
140
183
190
237
96
76
190
226
179
41
139
38
55
129
119
170
166
244
142
112
58
75
171
220
187
202
94
241
139
115
93
136
134
166
202
39
0
247
205
199
28
77
20
10
14
90
70
139
140
0
39
144
44
34
122
122
179
62
101
10
114
138
133
104
78
178
254
47
163
13
178
84
11
102
244
214
199
33
168
247
29
1
66
22
15
217
0
65
229
215
8
112
124
42
36
60
47
42
45
120
128
191
223
226
232
149
32
84
215
89
185
139
53
52
202
155
112
187
33
25
173
7
196
156
19
207
208
16
88
17
39
144
70
154
226
243
134
2
195
211
153
217
156
88
35
77
250
11
136
251
146
209
119
29
8
155
112
28
202
144
121
55
95
8
129
116
253
28
205
78
88
79
170
32
113
225
235
223
198
21
144
3
0
183
74
171
208
133
245
155
229
169
203
61
82
109
184
182
12
205
157
12
238
121
163
115
226
70
111
104
134
38
126
105
110
100
216
18
35
80
59
232
52
152
205
7
239
49
106
26
127
164
201
39
163
89
50
199
197
127
151
200
219
155
120
95
141
201
150
198
157
134
64
27
154
111
227
98
232
190
136
3
108
90
145
205
154
242
240
208
247
179
20
66
21
47
162
224
210
135
14
104
10
52
143
145
197
20
78
198
205
234
162
17
102
160
2
96
114
252
173
160
225
102
84
36
163
159
189
41
226
182
0
47
42
106
154
85
83
81
100
233
253
71
255
199
83
148
160
131
205
153
234
86
95
16
216
86
85
120
183
65
115
63
243
58
134
52
250
45
189
251
13
122
108
55
70
221
170
208
98
153
141
13
98
168
131
84
211
156
97
42
205
77
243
2
162
254
243
212
186
224
82
13
216
169
164
180
179
220
141
4
99
209
59
46
5
200
171
30
13
92
136
98
86
198
99
164
213
255
214
106
33
203
115
244
36
182
201
75
26
231
70
63
6
251
127
127
112
189
230
151
47
232
179
197
0
189
20
219
88
182
21
40
59
13
85
110
56
210
152
117
49
8
162
218
191
34
115
122
114
198
33
50
82
46
126
186
28
81
80
186
116
241
140
161
215
152
32
110
147
166
130
39
241
182
219
246
137
21
154
234
217
87
216
38
190
40
29
168
48
70
23
173
9
232
22
128
230
77
193
47
62
85
218
122
134
252
55
120
52
162
156
223
50
15
232
63
127
148
198
101
67
84
62
36
213
134
9
147
246
124
120
60
243
62
203
174
202
7
2
43
16
137
64
110
163
110
135
52
248
208
59
226
78
13
165
207
71
57
84
21
54
102
227
91
32
194
141
230
91
229
44
208
20
174
44
10
118
30
10
162
149
9
85
45
233
13
252
200
155
241
117
153
246
85
112
254
97
195
91
105
252
20
38
133
213
101
172
58
253
205
125
224
179
169
12
169
157
211
34
118
192
35
182
144
84
134
142
233
193
222
95
198
252
80
36
49
18
188
253
114
80
148
93
143
194
189
81
138
124
122
252
30
76
105
128
3
137
161
95
133
119
148
142
239
29
138
171
85
80
237
131
49
207
152
219
88
30
207
207
186
207
76
211
222
161
201
140
50
17
103
242
139
221
125
110
74
38
187
65
196
170
30
254
163
94
181
93
111
10
123
255
202
170
226
117
242
24
135
62
226
208
11
12
148
192
210
63
71
133
53
45
212
144
194
251
16
199
249
50
213
29
253
79
245
54
171
112
78
29
230
100
11
149
115
71
223
87
151
247
188
36
231
6
132
69
49
163
38
204
48
173
69
120
138
210
143
91
101
99
137
33
42
75
12
214
39
116
138
198
184
30
253
78
16
27
138
88
183
81
100
94
98
63
120
168
120
8
193
14
96
93
112
140
229
208
189
181
30
173
160
222
117
151
176
12
157
26
29
204
128
214
144
252
209
57
29
153
85
162
58
106
220
171
215
145
37
131
206
230
123
228
131
80
194
43
101
153
150
52
186
80
100
180
173
107
59
184
143
71
199
58
56
13
120
13
21
71
133
5
42
200
54
71
222
136
148
112
162
122
179
74
166
157
199
116
229
71
182
146
233
116
249
215
140
233
237
66
152
187
164
61
90
102
158
184
65
24
198
104
83
74
255
185
174
143
33
145
210
146
206
226
211
94
133
174
4
48
218
158
51
168
17
247
184
11
137
38
15
176
230
153
136
34
106
57
19
85
198
163
202
125
78
57
231
225
121
70
122
124
204
252
150
253
149
168
100
4
145
58
145
80
150
71
97
65
73
172
5
128
143
158
90
208
111
245
111
252
191
53
109
200
103
113
119
44
9
44
36
34
227
137
194
207
9
141
81
225
19
14
187
99
197
60
127
151
123
218
112
119
143
196
95
181
158
16
153
20
170
202
133
17
153
144
202
243
217
5
103
102
223
71
93
29
140
140
8
219
154
121
117
173
82
233
149
234
36
26
249
123
204
139
113
252
245
159
174
53
118
190
124
216
2
126
216
25
21
102
160
15
207
247
66
173
205
255
138
39
150
46
71
69
56
184
171
75
92
43
215
118
113
69
151
150
200
36
77
18
145
6
192
151
136
216
233
244
190
118
140
37
38
160
234
52
178
87
87
166
243
121
216
36
148
234
246
75
228
42
32
166
39
70
186
152
63
215
240
219
12
156
181
27
76
38
221
13
235
220
25
20
169
10
92
19
225
37
32
219
32
26
230
60
11
178
145
98
52
200
8
206
170
158
242
55
207
138
18
177
2
58
240
95
53
6
7
191
125
147
28
59
153
67
220
250
106
191
115
220
98
223
201
36
15
54
176
249
106
70
13
22
125
204
252
1
188
204
108
142
125
191
109
120
68
79
47
223
189
106
243
46
42
97
187
104
182
245
103
196
237
111
245
138
0
124
232
73
99
47
37
198
70
126
238
31
98
103
183
116
63
158
65
124
88
82
152
41
231
207
10
137
231
252
54
195
68
187
62
231
198
98
234
179
254
71
93
118
225
115
32
59
134
201
87
141
0
37
99
185
72
0
118
7
206
124
165
218
1
133
235
228
113
214
122
8
179
247
24
23
66
230
249
207
196
190
37
58
177
165
201
237
193
29
86
200
61
70
36
8
181
61
243
83
251
173
16
93
45
64
237
255
100
76
49
110
41
241
148
76
33
199
185
197
215
227
96
231
121
129
112
242
59
210
239
74
1
51
167
230
143
20
69
27
150
208
103
209
11
61
142
12
15
53
92
168
222
74
197
97
205
237
1
173
34
63
245
205
79
97
120
35
14
196
122
10
232
50
249
151
140
78
66
232
123
240
97
134
122
147
231
50
115
178
153
35
111
245
116
154
247
224
83
208
140
73
144
105
214
142
1
10
27
87
203
92
140
206
47
253
252
98
237
110
148
90
174
75
137
18
135
173
218
131
36
69
55
77
229
215
69
168
62
189
174
175
124
205
133
222
165
126
141
70
62
64
142
229
28
0
64
171
231
109
88
253
224
169
187
58
229
101
254
90
24
171
198
147
203
130
102
98
54
143
150
81
203
39
54
147
120
255
118
72
4
215
221
40
210
106
24
71
133
106
51
119
154
64
131
224
206
22
224
42
156
47
166
224
79
40
66
78
217
23
226
219
116
187
234
197
184
19
122
34
73
188
76
167
83
105
58
163
136
51
203
144
192
205
90
12
241
74
151
111
251
126
88
166
180
240
56
234
11
195
254
152
224
253
31
205
54
108
248
196
150
233
214
70
132
35
216
95
169
110
11
94
160
69
72
88
174
194
16
95
208
110
153
216
239
1
80
159
136
94
176
89
222
202
13
81
127
179
173
136
106
14
199
190
186
195
210
14
40
66
64
210
120
156
75
254
148
49
161
238
218
209
22
232
224
76
227
95
17
16
140
239
51
216
231
53
123
104
90
109
116
219
238
155
203
10
235
247
21
134
203
73
9
75
65
51
182
237
115
214
12
50
55
181
32
162
147
248
177
215
245
106
63
44
240
88
85
148
167
191
44
216
39
32
148
67
189
96
178
140
210
99
68
108
158
172
40
33
226
109
18
27
173
78
178
35
124
191
87
92
255
37
209
11
231
190
205
173
120
215
18
11
207
50
177
57
39
117
212
72
229
15
149
162
54
25
255
7
89
176
25
202
125
124
141
141
204
161
5
119
253
199
85
66
128
158
97
79
251
16
107
227
135
157
134
36
109
56
35
10
29
200
111
169
149
125
70
126
37
59
222
77
208
237
84
192
229
227
47
94
59
96
69
211
37
86
246
65
206
103
192
43
90
226
162
174
31
44
239
84
205
98
181
44
21
120
122
56
228
168
243
155
110
17
214
34
224
6
193
101
169
79
108
85
107
211
15
40
215
225
165
169
248
194
19
165
201
215
244
173
3
59
162
103
107
141
223
201
13
175
218
200
137
126
71
45
225
90
140
117
57
208
46
195
130
30
24
247
231
25
235
159
212
34
10
253
100
190
249
141
44
208
0
130
7
41
125
106
28
216
115
115
3
5
122
191
187
30
1
75
235
29
13
102
2
21
239
21
173
160
226
119
129
244
45
123
112
168
199
198
34
123
80
57
217
185
157
123
98
216
170
66
26
117
101
230
11
95
198
213
123
126
253
254
50
12
160
37
199
14
132
27
110
242
185
63
228
98
243
125
115
157
152
74
182
56
105
37
96
55
141
221
243
246
212
186
101
180
116
85
224
10
116
155
128
146
96
239
253
48
192
191
110
169
43
142
42
131
239
15
200
252
34
18
66
22
141
77
92
45
6
182
71
200
122
41
175
119
10
95
175
159
26
128
7
19
113
157
109
250
4
240
141
62
65
133
254
172
89
133
187
80
132
139
158
227
115
0
186
139
246
89
30
169
2
142
74
172
147
212
119
231
0
94
99
170
94
158
107
1
163
154
91
228
5
235
73
201
235
70
140
234
211
86
187
195
193
102
178
125
128
177
116
26
249
122
182
169
120
191
100
89
53
108
0
170
103
219
196
58
196
31
191
153
48
184
173
251
87
129
43
84
194
40
14
160
147
250
128
161
222
38
188
182
201
198
111
214
24
77
198
51
198
79
18
171
119
219
68
182
176
159
108
19
223
202
171
87
170
177
239
215
243
11
228
168
223
28
237
57
30
147
119
194
115
88
81
40
240
116
169
249
155
57
18
233
72
19
93
61
214
235
189
68
255
248
114
223
64
103
42
84
204
142
155
59
89
99
55
41
40
231
11
1
160
66
119
216
224
163
38
93
241
140
250
43
227
84
225
111
171
219
88
208
191
230
100
168
5
150
231
107
44
150
183
81
253
241
177
26
111
124
146
153
11
84
42
68
248
153
75
179
41
143
93
209
43
30
20
204
239
101
12
142
61
233
130
205
10
61
63
42
214
96
134
17
213
202
51
127
32
181
20
122
58
3
151
113
144
248
33
70
58
170
121
132
155
88
225
150
78
126
136
87
191
132
54
209
119
185
227
91
181
251
179
127
241
206
202
173
181
164
113
115
34
94
177
92
105
249
42
175
129
34
17
208
79
180
127
64
154
177
184
103
188
156
220
32
12
27
252
199
189
174
20
112
233
65
111
25
170
198
213
18
54
7
79
242
79
160
164
76
77
77
104
81
143
41
218
202
154
104
141
81
117
210
203
214
192
54
107
209
62
40
128
150
224
199
183
134
21
253
56
26
113
97
42
23
91
176
87
231
113
240
165
164
83
15
80
144
22
242
255
220
133
205
247
182
112
143
135
169
131
180
31
94
118
84
160
130
11
0
3
176
194
46
199
9
158
198
183
40
67
164
181
192
62
242
178
87
84
156
46
231
114
96
56
17
61
55
82
163
194
196
190
130
136
217
27
126
12
137
155
210
241
174
39
82
1
86
195
239
168
136
18
156
67
84
186
40
13
122
94
132
51
87
185
42
221
238
84
200
8
237
119
120
92
118
70
38
36
225
120
205
237
204
54
178
84
3
95
64
196
54
188
55
74
198
202
127
164
11
99
145
149
187
202
11
198
33
11
223
163
133
107
37
251
134
253
128
64
109
83
108
194
141
25
120
44
2
184
214
158
246
222
69
79
73
111
124
238
70
41
238
31
66
231
233
1
21
234
198
92
177
241
178
224
117
245
55
122
92
233
186
213
12
42
70
8
170
82
241
190
253
190
190
204
11
246
66
90
28
210
151
88
124
72
230
120
11
33
196
12
205
25
166
96
44
118
130
30
211
205
62
201
88
122
110
32
126
55
173
74
192
132
141
103
226
175
95
147
83
70
236
68
205
135
92
219
160
74
109
25
4
240
154
135
87
114
121
176
5
167
105
87
25
142
102
106
175
103
22
178
209
76
71
212
121
110
170
73
39
148
40
82
206
147
248
57
125
83
123
189
124
25
20
38
49
136
32
13
227
143
135
211
81
223
7
163
92
191
93
230
94
116
209
215
52
184
161
20
149
210
35
125
151
219
97
164
188
213
40
238
58
107
180
2
122
85
110
32
123
64
251
116
186
29
173
15
179
217
243
140
127
75
43
1
71
169
166
41
136
11
61
205
119
159
244
127
134
110
65
111
100
68
113
242
211
156
216
135
131
11
204
25
121
43
255
223
94
192
207
94
189
38
27
106
195
185
188
131
171
175
56
60
122
76
0
108
142
153
94
187
91
254
85
99
151
6
209
134
50
31
6
173
176
193
197
159
218
177
34
37
164
29
24
210
236
21
189
197
29
180
96
184
47
59
55
186
139
237
47
191
32
203
238
172
82
149
11
106
88
205
203
67
185
12
246
160
26
184
251
98
107
181
101
8
225
168
136
135
44
255
28
211
20
128
42
225
43
81
207
173
231
158
244
76
180
196
208
185
105
163
7
63
10
253
236
175
108
42
109
179
141
137
14
181
38
31
179
52
228
61
237
48
38
188
99
112
182
42
239
158
254
26
64
160
247
41
188
179
248
23
53
122
233
55
77
169
166
88
7
70
159
108
178
75
161
64
164
55
135
110
246
88
22
248
58
79
2
180
179
111
108
140
113
2
160
80
167
202
184
90
19
218
216
192
95
209
227
3
68
159
174
239
161
76
123
115
255
109
49
60
133
235
9
132
242
195
71
97
27
227
217
50
175
168
46
227
180
186
68
157
174
170
122
58
218
46
86
245
96
59
224
100
10
45
127
210
212
251
170
38
58
42
104
247
75
25
107
121
236
11
184
204
10
249
242
60
118
23
9
92
40
236
126
192
255
26
142
116
21
33
154
133
106
98
25
219
237
244
42
143
229
38
78
105
178
250
177
89
23
207
24
30
210
143
136
225
255
83
139
57
230
11
250
14
25
103
42
163
214
84
204
111
19
54
115
38
179
117
188
173
178
105
81
5
41
65
124
64
236
129
33
155
32
28
141
167
68
18
85
10
240
114
119
63
172
96
200
135
220
30
80
28
216
231
232
24
225
145
230
185
198
161
86
254
33
110
139
209
70
154
61
169
163
162
241
107
199
113
237
6
216
194
96
126
83
142
62
30
177
39
18
113
77
150
219
195
14
191
1
99
104
229
184
107
129
36
1
225
232
14
64
208
137
244
26
133
161
153
43
176
58
13
97
30
3
39
94
210
4
173
240
98
190
8
8
165
203
225
39
104
127
243
27
199
199
139
13
46
69
11
238
162
17
68
41
178
102
111
104
190
101
225
232
141
248
183
22
132
65
128
58
255
169
224
40
231
50
125
179
66
241
152
147
82
119
20
190
157
128
153
236
104
216
110
167
37
25
138
50
161
20
192
70
79
53
6
92
11
197
39
237
238
34
161
40
129
0
160
189
155
225
173
134
174
116
252
172
71
68
247
221
243
118
186
212
56
100
176
244
36
158
51
170
209
167
19
140
18
26
124
142
120
245
145
117
220
25
60
178
76
80
38
48
222
68
61
229
213
115
123
177
126
6
64
93
179
26
163
39
225
233
90
82
203
44
88
0
170
120
62
144
66
39
225
254
87
137
79
12
73
101
239
27
170
234
230
177
145
198
36
170
11
128
136
66
17
206
4
205
165
191
69
228
174
46
162
111
83
105
100
44
140
160
254
106
102
225
17
184
173
0
235
160
248
97
74
69
154
207
251
69
162
40
217
181
249
11
147
158
31
149
66
26
59
36
255
251
248
21
232
236
155
214
53
184
254
235
172
46
204
238
102
125
26
83
156
25
226
249
34
8
148
22
81
121
22
0
171
56
251
251
181
180
181
106
44
140
159
197
169
158
177
101
16
242
31
58
62
116
241
175
48
240
154
120
104
215
29
113
153
24
49
220
83
131
82
246
128
238
92
2
208
185
147
114
93
25
156
40
196
242
164
233
33
230
211
83
177
177
32
154
14
229
205
167
184
108
146
16
70
110
125
237
3
185
180
239
72
145
162
252
103
224
148
72
16
10
237
166
72
162
42
50
87
236
57
74
38
249
42
103
109
174
230
78
106
236
23
183
236
146
121
164
147
117
50
124
227
226
17
53
172
2
228
70
211
130
171
68
80
15
104
53
31
82
96
41
157
24
184
14
60
34
76
57
15
36
238
239
123
245
87
147
131
130
191
223
221
39
100
134
219
113
242
140
143
141
164
114
76
16
123
133
84
3
250
245
199
191
163
75
155
20
169
26
102
191
209
222
229
173
173
253
45
108
166
87
64
146
16
44
6
62
209
78
65
190
136
120
27
87
25
205
64
205
33
244
50
244
238
13
61
12
221
150
14
114
181
141
199
253
163
216
166
246
99
53
202
188
110
76
150
91
89
76
86
27
218
100
159
92
242
159
118
34
17
155
255
29
24
106
225
46
227
188
6
51
202
20
144
137
116
45
63
74
201
6
57
148
218
73
162
205
235
10
195
127
189
129
172
94
104
193
202
87
70
74
79
178
35
40
139
43
74
26
1
129
98
129
133
145
107
148
62
229
86
70
192
181
145
119
172
154
245
199
123
112
180
26
51
39
210
204
68
91
82
112
173
250
101
43
6
10
254
127
147
76
238
240
66
158
100
161
79
28
128
71
213
117
167
218
37
3
103
200
48
37
35
113
84
36
123
54
169
73
234
227
211
63
243
153
224
63
15
239
119
58
37
228
77
92
55
46
10
77
0
249
232
61
66
166
229
244
192
235
214
22
168
76
107
47
206
214
241
21
97
42
16
114
149
43
125
39
122
33
94
147
186
10
12
108
243
76
186
169
146
165
214
80
135
27
16
160
99
201
127
226
238
68
124
107
31
207
225
142
153
31
208
106
104
181
84
100
60
123
39
44
96
182
57
52
230
138
108
162
189
225
216
220
141
176
99
190
95
48
114
129
185
144
113
182
109
81
98
211
253
244
46
75
244
158
8
135
93
133
135
153
241
89
84
6
185
212
124
18
225
242
245
241
186
29
42
126
250
245
243
58
161
45
10
5
9
128
5
174
177
73
188
170
48
163
25
133
240
55
254
216
89
73
94
32
11
245
219
67
61
184
202
232
231
19
64
193
163
215
89
171
63
144
58
114
201
206
97
116
214
82
189
66
62
29
237
162
106
228
246
161
50
160
82
160
80
169
251
77
196
192
30
70
183
38
99
222
250
189
178
103
52
155
238
98
124
39
157
73
22
161
211
144
106
232
58
212
114
224
115
187
186
149
227
74
107
9
210
107
120
249
250
251
169
121
205
24
230
151
235
75
168
98
47
252
220
30
87
60
115
138
52
93
181
246
154
188
251
239
199
164
2
10
244
181
51
166
113
211
72
151
157
120
62
90
73
50
87
62
98
133
150
110
51
17
45
49
211
28
150
106
218
56
23
190
131
156
30
35
103
25
169
45
198
25
5
153
188
46
198
136
125
173
103
240
242
39
108
155
59
93
232
77
17
25
96
7
193
4
87
145
142
103
92
116
76
156
168
236
247
126
47
139
115
120
90
34
153
195
55
102
115
125
191
27
54
245
239
154
235
167
1
72
133
250
224
87
50
123
161
159
158
231
230
45
228
135
162
42
174
114
228
147
32
17
83
15
87
232
16
73
35
97
209
150
225
200
74
89
187
136
217
89
28
151
158
127
122
12
63
235
34
15
136
24
175
130
176
103
219
123
98
159
46
0
70
194
174
224
30
40
174
180
18
29
15
193
205
192
204
27
183
109
200
52
213
96
122
171
168
243
127
8
135
13
42
129
131
58
51
48
130
176
73
71
123
128
181
108
132
84
250
206
206
3
37
162
254
126
216
166
254
123
217
87
226
46
124
177
111
119
198
93
94
227
130
54
110
66
98
165
118
218
222
49
155
136
228
99
39
176
132
196
197
241
17
151
117
4
116
201
198
187
23
139
191
138
133
188
253
84
34
205
0
66
85
34
175
143
156
213
189
186
2
248
223
67
243
39
27
205
177
7
58
133
234
248
99
70
159
249
125
246
18
212
14
97
206
99
182
169
136
56
92
210
226
226
217
126
234
197
27
205
251
129
110
244
40
204
97
42
50
198
8
248
114
20
36
252
53
220
187
172
210
91
159
245
121
217
29
7
182
123
203
176
100
109
204
65
231
140
5
225
213
113
146
83
249
132
94
11
177
112
40
183
12
33
154
172
223
28
145
168
29
231
204
157
5
202
231
178
116
61
192
148
95
191
196
60
113
45
12
200
24
101
170
118
215
180
31
115
29
202
234
109
224
88
226
222
56
121
50
155
223
62
254
143
137
227
138
158
148
213
204
142
174
247
190
130
60
213
11
164
120
36
248
81
148
77
111
211
85
235
81
207
1
222
149
54
54
136
33
85
189
64
45
194
46
6
87
222
185
163
34
99
177
92
217
116
53
119
71
71
54
199
186
134
181
107
103
43
75
199
175
203
6
254
208
154
131
59
41
181
143
14
196
183
90
24
226
93
210
13
19
50
96
136
26
77
46
94
118
130
226
83
241
14
57
94
200
167
67
66
138
8
202
185
95
124
3
31
218
14
242
255
89
237
198
50
111
102
91
18
143
188
152
168
59
214
0
219
166
127
175
129
223
196
55
8
216
205
89
178
116
140
38
111
159
154
8
13
115
35
166
194
203
191
36
58
229
115
252
254
28
136
178
76
165
195
54
108
179
230
33
88
93
169
114
70
192
253
6
63
68
49
249
3
249
129
92
19
126
129
125
1
226
56
102
75
24
240
129
181
52
18
243
54
150
251
109
173
208
110
81
22
124
107
153
160
98
247
161
210
92
24
61
153
48
158
104
107
118
69
171
62
131
128
97
146
173
193
88
13
98
179
14
50
194
36
154
115
88
173
116
211
253
249
145
20
22
243
29
204
91
3
203
35
91
110
206
223
191
137
180
42
140
229
201
241
251
36
211
105
205
128
245
172
176
43
4
189
73
115
75
252
174
16
14
82
201
91
207
145
189
194
56
57
130
8
177
15
128
145
229
217
47
201
81
28
240
35
45
170
154
107
25
218
184
25
206
9
136
159
128
27
27
118
141
59
252
10
149
209
75
172
140
209
194
53
104
198
242
169
62
141
56
167
57
240
216
7
130
145
2
85
16
250
239
248
247
119
148
129
232
65
52
250
13
209
6
48
199
178
28
71
58
240
178
210
223
238
236
244
179
181
104
122
243
230
151
39
136
179
216
100
188
32
211
121
231
73
116
111
23
55
171
97
253
205
70
4
81
246
128
29
224
7
207
50
145
46
182
144
82
132
110
84
96
251
170
134
238
101
174
236
79
69
153
238
38
229
168
171
39
121
81
7
132
137
221
54
60
67
87
93
33
249
48
213
222
178
94
224
18
6
221
120
212
81
172
6
75
175
209
69
215
235
88
155
66
106
42
1
58
155
151
235
212
172
213
134
93
157
226
188
100
121
65
169
164
186
192
239
166
216
204
206
248
180
246
176
19
208
190
119
106
168
152
253
61
159
252
94
125
198
60
192
192
94
91
227
132
119
136
172
160
214
209
132
132
173
103
213
88
17
5
179
145
88
219
142
101
157
124
226
198
146
116
112
169
125
81
131
117
53
63
131
168
113
64
226
167
237
173
255
5
212
133
111
83
134
66
120
202
127
67
166
70
83
20
109
193
174
244
22
88
218
28
118
162
23
213
33
185
100
100
92
233
120
105
13
153
185
227
83
43
192
114
85
199
144
88
58
28
97
36
56
200
253
180
146
11
161
36
30
50
103
245
149
31
103
17
10
211
246
83
56
206
34
30
174
54
22
117
74
33
122
237
69
239
56
32
48
135
54
165
215
160
70
58
63
59
56
85
0
91
13
226
59
125
37
135
100
20
128
93
122
252
231
14
7
112
146
198
186
53
218
169
28
174
44
138
13
220
226
137
168
94
51
141
119
87
162
210
236
216
208
25
205
175
76
142
13
121
161
126
140
97
142
66
206
217
213
44
230
43
156
102
166
178
49
88
141
217
143
26
242
231
252
105
117
71
128
71
82
200
231
126
208
254
136
205
124
165
46
114
215
136
41
183
108
72
229
41
20
213
56
120
128
42
179
64
180
44
203
14
230
4
97
122
114
172
20
61
19
174
100
129
154
205
71
95
255
184
40
12
198
118
190
154
250
50
11
17
0
226
174
157
100
31
27
173
71
115
21
246
133
17
56
211
17
113
189
126
31
181
40
9
133
192
20
183
170
90
194
85
237
83
204
8
186
65
7
176
10
152
12
42
13
22
94
29
72
81
112
62
36
183
195
82
7
182
83
224
219
119
103
223
214
170
13
190
164
136
201
10
21
130
154
236
15
125
47
72
224
250
194
78
213
8
170
8
209
134
152
126
23
193
161
155
88
57
158
6
236
251
32
23
211
146
138
218
115
156
122
196
93
216
80
132
172
115
92
68
210
189
186
155
142
129
38
151
13
142
78
168
80
19
3
54
245
107
3
38
145
172
124
79
194
235
148
193
143
27
70
133
241
228
81
209
211
131
153
205
106
37
240
66
134
251
1
182
165
198
183
3
26
162
212
149
189
165
4
26
193
1
5
111
101
199
131
36
153
110
180
48
180
116
183
222
96
235
239
160
176
148
255
5
48
40
126
255
232
155
177
151
142
229
18
8
98
29
27
117
155
109
59
169
109
86
164
29
164
130
227
52
26
87
217
119
96
148
181
183
95
176
190
105
164
17
23
246
101
106
125
86
115
20
153
67
11
122
220
253
115
231
23
21
122
133
151
21
202
95
166
182
47
191
80
27
155
205
175
53
22
153
83
254
149
144
143
128
90
33
118
175
181
124
250
117
197
186
245
126
12
154
58
53
16
32
241
28
27
222
185
174
170
46
210
112
248
158
228
104
168
146
24
37
180
61
120
18
229
53
96
189
57
248
91
129
4
159
20
242
125
229
177
228
198
198
219
217
50
213
15
200
217
169
61
26
187
85
40
216
10
73
139
31
220
242
156
123
96
254
97
38
64
160
240
235
214
199
77
158
180
127
100
244
19
93
24
115
167
240
170
197
212
30
213
241
194
137
15
127
194
162
250
22
192
43
180
63
174
107
94
70
136
210
91
22
120
53
220
88
227
62
130
152
144
130
125
128
135
229
23
50
9
78
73
216
110
55
154
223
193
224
146
102
30
172
139
102
109
110
77
88
236
147
8
77
148
124
97
204
44
133
72
247
250
92
24
249
99
210
8
194
98
107
162
11
59
175
15
192
68
2
125
53
100
37
23
146
170
113
58
173
24
91
64
17
95
134
36
142
137
21
209
80
204
1
31
54
228
24
119
138
25
133
225
51
94
242
198
121
161
34
6
141
75
36
153
250
192
192
38
18
162
98
35
102
29
120
112
45
94
151
121
199
71
154
66
111
80
235
71
209
40
109
35
213
62
210
101
202
167
166
54
140
144
7
82
79
171
215
194
26
51
230
100
18
125
223
60
59
170
219
117
109
167
238
249
164
184
56
54
81
51
150
145
81
217
131
14
2
220
118
175
105
85
44
220
204
53
24
178
240
85
221
241
205
194
152
70
189
101
231
89
7
69
139
245
156
2
154
254
182
49
124
166
252
168
54
57
78
53
143
21
85
212
150
37
68
219
139
4
23
13
184
254
189
71
4
131
237
203
229
164
122
136
37
187
55
243
155
92
221
115
67
151
15
16
212
67
141
6
238
66
237
139
20
189
113
26
66
34
20
37
140
185
72
241
79
148
129
86
189
141
0
160
221
170
34
232
122
123
113
79
214
216
68
205
180
137
117
93
187
147
85
253
216
156
250
145
69
87
92
221
115
29
179
140
153
101
81
247
230
78
179
181
191
151
43
228
11
171
208
107
91
201
247
128
120
113
60
229
138
101
31
172
94
168
238
221
128
10
62
181
187
171
180
168
137
137
164
210
218
217
99
110
54
95
255
182
63
77
135
219
193
188
157
196
87
133
195
51
242
74
220
79
149
71
86
49
212
58
157
175
85
118
0
218
152
107
19
37
215
115
117
1
206
200
240
245
248
214
240
227
181
161
172
112
222
116
65
223
22
55
4
139
255
206
185
148
4
103
140
55
202
194
184
176
158
51
149
80
102
228
125
194
49
150
42
221
71
15
53
6
137
80
192
185
161
248
13
171
234
105
186
188
188
164
136
39
42
178
156
190
106
238
150
173
139
63
242
163
84
6
202
177
101
138
241
234
235
200
67
247
35
96
50
218
42
90
217
252
216
96
197
115
164
108
244
65
122
152
194
15
95
82
66
141
207
0
223
153
245
240
101
84
141
38
52
173
41
42
158
111
40
5
229
163
185
27
248
233
109
222
100
129
109
38
129
124
125
178
211
98
123
39
3
97
255
118
88
40
242
180
246
54
101
3
123
35
251
234
242
159
111
40
222
1
77
124
34
28
18
77
83
116
202
76
8
42
132
25
70
1
50
109
155
137
184
231
6
70
23
213
153
18
184
19
15
119
132
207
124
41
130
32
94
157
170
92
238
206
24
173
54
15
178
120
62
203
170
231
234
58
153
171
32
28
73
116
190
25
66
202
134
62
244
161
182
75
63
249
118
218
180
133
53
32
139
104
164
193
131
232
0
160
47
145
183
86
169
126
102
207
154
214
174
19
24
114
240
141
94
226
158
22
30
62
199
72
102
139
231
238
67
194
228
44
141
65
17
35
37
128
195
20
124
37
91
226
238
62
23
185
171
246
173
242
148
121
4
180
100
0
119
198
44
114
145
77
146
214
184
1
82
80
132
93
238
91
138
245
85
88
239
240
29
135
240
215
237
38
213
194
253
50
73
73
138
4
147
100
60
105
100
71
155
166
142
181
28
201
139
105
169
102
140
162
228
243
7
145
64
72
240
13
184
151
68
174
4
35
91
146
23
150
157
230
167
36
31
7
32
49
91
223
125
16
13
164
68
78
111
244
240
34
202
165
187
222
216
135
165
137
58
203
49
44
220
97
79
203
209
12
50
100
88
69
39
166
15
248
169
105
158
154
187
133
0
96
244
92
204
167
46
178
4
61
188
207
113
104
118
196
118
11
207
177
48
231
159
252
10
12
76
239
24
201
34
22
147
142
155
1
3
103
32
49
195
15
65
201
223
65
47
16
20
27
11
124
9
44
220
232
236
36
5
90
12
45
46
64
172
148
162
99
82
29
102
237
28
53
112
141
245
16
37
46
198
238
62
29
47
235
167
103
121
214
37
128
166
185
160
221
142
206
22
88
176
115
245
247
113
116
241
68
9
246
231
254
120
104
31
103
135
226
2
139
212
118
188
139
59
25
3
253
53
21
101
3
96
209
178
124
138
43
161
214
198
118
55
195
90
40
156
93
147
54
241
183
36
155
18
242
217
15
59
49
44
65
142
72
124
64
160
40
111
255
222
91
65
250
64
243
101
1
111
99
97
104
157
208
232
58
24
105
51
117
87
148
202
23
92
68
102
213
136
165
177
214
3
17
169
164
166
101
155
19
96
214
72
105
130
204
122
139
165
147
243
122
148
142
18
80
127
70
174
90
193
182
7
105
240
17
19
220
18
55
246
120
0
150
168
247
80
100
219
181
200
42
99
53
28
3
85
163
91
87
19
242
62
123
192
206
117
160
85
158
111
188
61
50
10
98
113
44
34
164
32
37
61
47
177
93
89
146
1
16
180
146
152
42
17
188
240
226
195
242
172
173
36
139
224
180
98
59
132
170
209
215
162
25
76
2
109
174
171
184
169
191
117
196
154
87
118
139
2
168
122
93
75
170
211
151
114
72
49
20
83
69
55
5
173
10
179
148
49
59
98
232
41
123
95
8
111
225
227
3
168
210
3
28
207
43
198
199
25
62
16
152
36
253
28
18
107
186
173
75
23
101
177
47
117
5
159
160
7
186
184
59
122
227
250
192
41
218
179
64
119
204
251
240
57
9
77
106
135
250
242
43
229
151
80
238
80
199
222
223
151
151
240
169
109
111
245
75
71
252
178
105
254
81
227
92
6
185
47
112
47
78
213
198
163
21
10
205
192
50
241
76
123
54
147
96
161
113
220
158
189
44
110
24
163
200
97
58
33
159
228
208
76
162
102
112
108
91
68
19
228
30
130
206
227
178
2
228
44
15
122
147
66
38
143
18
16
210
197
171
102
33
200
111
105
33
107
86
249
247
35
156
25
27
58
28
1
73
83
79
34
54
21
25
175
160
23
0
135
79
47
224
192
196
192
240
42
214
130
116
4
3
35
131
250
220
193
172
138
191
184
101
249
233
146
107
229
144
21
81
30
225
121
42
242
207
84
180
29
194
75
87
125
3
122
211
223
188
9
165
32
174
132
179
211
239
3
112
243
249
39
213
219
224
248
187
198
159
172
172
192
72
40
184
242
117
227
46
89
55
20
223
201
182
152
40
132
200
148
3
113
206
161
233
153
217
252
91
164
39
202
35
219
222
242
149
100
208
9
113
142
210
107
235
156
214
205
92
85
13
253
144
100
19
88
96
129
68
103
209
65
224
127
189
196
55
1
219
6
81
53
139
5
233
251
61
202
88
67
187
3
159
103
86
12
42
200
55
201
184
237
57
82
224
129
111
186
86
145
190
19
12
197
48
65
65
38
252
37
21
104
37
161
8
251
115
35
22
251
217
178
224
142
68
45
154
6
188
123
117
243
255
55
38
125
138
117
37
170
160
225
254
233
107
148
25
79
134
97
24
28
12
111
11
40
102
31
65
86
9
56
91
71
71
83
236
130
71
222
96
179
196
150
223
10
211
21
70
41
12
23
47
41
41
63
93
223
106
153
73
123
61
225
121
225
175
142
133
147
178
239
75
0
88
207
29
38
214
190
132
66
42
255
117
115
215
96
200
45
6
108
197
65
99
52
141
21
28
160
91
137
129
36
183
220
147
183
100
122
2
171
39
178
157
48
87
8
162
24
69
59
42
247
104
88
193
29
171
169
233
163
20
136
73
4
159
93
66
75
85
185
88
9
133
216
73
255
108
98
8
234
211
78
11
200
232
102
157
139
238
55
218
139
95
82
148
86
172
24
123
148
151
253
33
34
127
251
235
161
105
167
230
238
137
228
95
192
93
162
227
47
47
255
65
134
250
182
44
120
30
106
58
238
221
26
213
198
55
223
2
36
106
154
174
252
76
69
72
93
2
13
52
159
243
93
84
40
130
2
77
162
215
58
200
139
70
66
3
251
131
48
88
176
140
221
254
45
179
118
54
120
62
44
66
34
13
255
226
157
167
218
51
109
215
237
0
60
101
144
172
218
12
165
171
200
26
181
27
63
52
5
139
40
50
228
193
13
112
207
164
17
129
58
250
109
163
71
225
237
217
183
147
203
213
186
108
0
58
128
72
59
131
4
240
86
214
59
245
165
184
41
50
37
99
110
238
84
66
133
70
195
103
12
158
60
44
14
56
33
190
75
5
232
36
131
130
223
225
244
234
24
86
77
151
10
153
11
219
215
147
189
118
159
36
146
182
31
207
203
195
219
189
185
17
154
13
236
133
109
132
178
7
157
28
97
44
183
146
165
65
1
104
8
113
35
109
42
182
189
126
13
17
188
215
205
141
97
110
32
162
209
224
109
188
198
93
92
175
159
251
112
167
197
32
78
250
144
89
61
83
22
171
12
173
8
236
234
128
252
237
226
91
87
73
76
22
158
188
238
118
81
19
129
9
199
189
105
206
66
198
244
147
8
10
142
175
244
85
42
162
211
77
157
220
140
50
202
8
113
241
66
37
89
0
217
62
38
2
47
145
156
132
74
37
17
67
156
188
34
235
92
102
8
13
246
216
82
135
178
168
143
20
65
137
81
188
89
154
45
98
164
129
37
229
156
212
213
162
248
16
88
94
141
9
10
89
26
158
82
44
245
205
10
36
204
153
59
170
248
181
7
74
146
175
165
145
118
222
7
174
35
25
243
17
217
142
127
76
223
197
112
10
196
112
245
112
232
233
187
184
206
218
213
44
137
37
111
81
240
89
1
118
243
64
217
39
164
255
45
125
202
181
187
238
246
137
192
41
234
26
137
4
58
65
244
59
0
211
151
176
93
128
122
60
24
243
192
74
6
237
154
37
168
42
1
221
244
14
105
51
188
20
24
205
103
39
128
42
20
11
130
38
97
51
7
105
197
120
105
86
108
55
246
